0003
0004
0005
0006
0007
0008
0010
0011
0012
0013
0019
0020
0022
0023
0024
0025
0026
0027
0044
0045
0048
0049
0050
0051
0052
0053
0054
0055
0058
0064
0065
0066
0067
0068
0069
0070
0071
0072
0073
0074
0075
0080
0081
0082
0083
0092
0093
0094
0095
0096
0097
0098
0099
0100
0101
0102
0103
0104
0105
0106
0107
0108
0109
0110
0111
0112
0113
0114
0115
0116
0120
0121
0122
0123
0124
0130
0135
0136
0138
0139
0140
0141
0142
0143
0144
0145
0146
0147
0148
0149
0150
0151
0152
0156
0157
0158
0159
0160
0161
0162
0163
0164
0165
0166
0170
0177
0178
0179
0203
0204
0205
0206
0213
0214
0215
0216
0217
0218
0219
0223
0224
0225
0226
0227
0228
0229
0230
0231
0232
0233
0234
0235
0236
0237
0238
0239
0240
0241
0242
0243
0244
0245
0246
0247
0248
0249
0251
0252
0253
0254
0255
0256
0257
0258
0259
0260
0261
0262
0263
0265
0266
0267
0268
0269
0270
0274
0275
0276
0277
0278
0286
0287
0288
0289
0290
0291
0292
0293
0294
0295
0303
0304
0305
0306
0307
0308
0309
0313
0314
0318
0319
0320
0321
0322
0323
0324
0336
0337
0338
0339
0340
0341
0342
0343
0344
0345
0346
0347
0348
0349
0350
0353
0354
0365
0366
0367
0368
0369
0370
0371
0372
0373
0374
0375
0376
0377
0378
0379
0380
0381
0382
0383
0391
0392
0393
0394
0398
0399
0400
0401
0402
0403
0404
0405
0406
0407
0408
0409
0410
0415
0416
0417
0418
0419
0420
0421
0422
0423
0424
0425
0426
0427
0428
0429
0436
0437
0438
0439
0440
0449
0450
0451
0452
0453
0454
0455
0456
0457
0458
0459
0460
0461
0467
0468
0478
0479
0480
0481
0482
0483
0484
0485
0486
0487
0488
0489
0490
0491
0492
0493
0494
0495
0496
0497
0498
0499
0500
0501
0502
0503
0504
0505
0506
0507
0514
0527
0528
0529
0530
0534
0535
0536
0540
0541
0542
0543
0544
0545
0546
0547
0548
0552
0553
0554
0572
0573
0574
0575
0576
0577
0578
0584
0585
0586
0587
0588
0589
0590
0595
0596
0597
0598
0599
0600
0601
0602
0608
0609
0610
0611
0614
0615
0616
0622
0623
0624
0625
0626
0627
0628
0629
0630
0631
0632
0639
0640
0641
0642
0643
0646
0647
0648
0649
0652
0653
0654
0655
0659
0660
0661
0662
0665
0666
0667
0674
0675
0682
0683
0684
0685
0691
0692
0695
0696
0700
0701
0702
0703
0704
0705
0714
0715
0716
0719
0720
0721
0722
0723
0729
0730
0735
0736
0737
0738
0739
0740
0741
0742
0745
0746
0747
0748
0749
0750
0751
0752
0753
0754
0755
0756
0757
0758
0788
0789
0790
0791
0792
0793
0794
0795
0796
0797
0798
0799
0805
0806
0807
0808
0809
0815
0816
0817
0818
0819
0820
0824
0825
0826
0827
0828
0829
0830
0831
0832
0847
0848
0849
0853
0854
0855
0856
0863
0864
0865
0866
0867
0868
0872
0873
0874
0875
0876
0877
0878
0879
0880
0881
0882
0883
0884
0885
0886
0887
0888
0889
0890
0891
0892
0893
0894
0895
0896
0897
0898
0899
0900
0901
0902
0903
0904
0905
0909
0910
0911
0912
0913
0914
0915
0916
0920
0921
0922
0923
0924
0925
0929
0930
0931
0936
0937
0938
0939
0940
0941
0942
0943
0944
0948
0949
0950
0951
0952
0953
0954
0955
0956
0957
0958
0963
0964
0968
0969
0978
0979
0980
0981
0982
0983
0984
0985
0986
0987
0988
0989
0990
0996
0997
0998
0999
1000
1005
1006
1007
1008
1009
1013
1014
1015
1016
1017
1018
1019
1020
1024
1025
1026
1027
1028
1029
1030
1031
1035
1036
1037
1040
1041
1042
1043
1044
1045
1046
1047
1050
1051
1054
1055
1056
1059
1060
1061
1062
1063
1064
1065
1066
1067
1068
1069
1070
1071
1072
1073
1074
1085
1086
1087
1097
1105
1110
1111
1112
1113
1114
1115
1116
1120
1121
1122
1132
1133
1134
1137
1138
1139
1140
1141
1142
1143
1159
1160
1161
1168
1169
1172
1173
1177
1178
1185
1186
1187
1188
1189
1190
1191
1197
1198
1199
1200
1213
1214
1215
1221
1222
1223
1224
1225
1231
1232
1236
1237
1238
1239
1240
1241
1242
1243
1244
1245
1246
1251
1252
1253
1266
1267
1268
1269
1270
1271
1272
1273
1274
1281
1282
1283
1284
1296
1300
1301
1309
1310
1311
1312
1313
1316
1317
1318
1319
1320
1321
1322
1323
1324
1325
1326
1327
1328
1333
1334
1341
1342
1343
1344
1345
1346
1350
1351
1352
1357
1358
1359
1360
1361
1362
1363
1366
1367
1370
1371
1372
1373
1374
1375
1376
1377
1378
1379
1380
1381
1382
1383
1392
1393
1402
1403
1404
1405
1406
1415
1416
1417
1418
1419
1420
1425
1426
1427
1428
1429
1434
1435
1436
1437
1438
1439
1440
